# Created by Octave 4.2.1, Wed Oct 25 01:06:48 2017 UTC <jon@ares>
# name: v_profile
# type: matrix
# rows: 700
# columns: 1
 13.4112
 13.73902933333333
 14.06685866666667
 14.394688
 14.69271466666667
 14.97584
 15.22916266666667
 15.43778133333333
 15.58679466666667
 15.75070933333333
 15.89972266666667
 16.004032
 15.94442666666667
 15.79541333333333
 15.601696
 15.49738666666667
 15.48248533333333
 15.57189333333333
 15.735808
 15.92952533333334
 16.09344
 16.21265066666666
 16.30205866666667
 16.406368
 16.48087466666667
 16.52557866666666
 16.54048
 16.54048
 16.54048
 16.54048
 16.55538133333333
 16.60008533333333
 16.719296
 16.942816
 17.24084266666667
 17.568672
 17.8816
 18.194528
 18.52235733333333
 18.85018666666667
 19.16311466666667
 19.43133866666667
 19.63995733333333
 19.78897066666667
 19.90818133333334
 19.99758933333333
 20.072096
 20.1168
 20.19130666666667
 20.295616
 20.429728
 20.56384
 20.68305066666667
 20.80226133333333
 20.89166933333333
 20.966176
 21.01088
 21.055584
 21.100288
 21.11518933333333
 21.100288
 21.055584
 21.01088
 20.98107733333333
 20.966176
 20.98107733333333
 21.01088
 21.04068266666667
 21.07048533333333
 21.07048533333333
 21.055584
 21.01088
 20.921472
 20.81716266666666
 20.71285333333333
 20.68305066666666
 20.71285333333333
 20.81716266666666
 20.93637333333333
 21.07048533333333
 21.189696
 21.323808
 21.44301866666667
 21.56222933333333
 21.68144
 21.815552
 21.91986133333333
 21.96456533333334
 21.96456533333334
 21.93476266666667
 21.91986133333333
 21.91986133333333
 21.949664
 21.994368
 22.039072
 22.083776
 22.11357866666667
 22.12848
 22.11357866666667
 22.05397333333333
 21.96456533333334
 21.84535466666667
 21.74104533333333
 21.62183466666667
 21.48772266666667
 21.33870933333333
 21.21949866666667
 21.189696
 21.24930133333333
 21.33870933333334
 21.413216
 21.42811733333333
 21.42811733333333
 21.41321599999999
 21.42811733333333
 21.44301866666667
 21.45792
 21.44301866666667
 21.33870933333333
 21.04068266666667
 20.35522133333333
 19.44624
 18.47765333333333
 17.86669866666666
 17.53886933333333
 17.46436266666667
 17.44946133333334
 17.523968
 17.68788266666667
 17.971008
 18.34354133333333
 18.79058133333334
 19.19291733333333
 19.50584533333333
 19.68466133333333
 19.78897066666667
 19.86347733333333
 19.92308266666666
 19.99758933333333
 20.08699733333333
 20.23601066666667
 20.385024
 20.54893866666667
 20.71285333333333
 20.86186666666666
 20.966176
 21.01088
 21.11518933333333
 21.24930133333333
 21.38341333333333
 21.44301866666667
 21.44301866666667
 21.413216
 21.30890666666667
 21.13009066666666
 20.89166933333334
 20.68305066666667
 20.53403733333333
 20.429728
 20.35522133333333
 20.295616
 20.22110933333333
 20.01249066666666
 19.68466133333333
 19.267424
 18.89489066666667
 18.65646933333333
 18.641568
 18.85018666666667
 19.14821333333333
 19.41643733333333
 19.52074666666667
 19.490944
 19.356832
 19.28232533333333
 19.29722666666667
 19.43133866666667
 19.61015466666667
 19.78897066666667
 19.937984
 20.01249066666667
 19.982688
 19.83367466666667
 19.625056
 19.44624
 19.34193066666667
 19.29722666666667
 19.267424
 19.23762133333333
 19.23762133333333
 19.29722666666667
 19.43133866666667
 19.56545066666667
 19.580352
 19.38663466666667
 19.01410133333333
 18.596864
 18.20942933333334
 17.98590933333333
 17.926304
 18.07531733333333
 18.373344
 18.730976
 19.043904
 19.22272
 19.32702933333334
 19.44624
 19.61015466666667
 19.803872
 19.982688
 20.14660266666667
 20.31051733333333
 20.519136
 20.742656
 20.95127466666667
 21.08538666666666
 21.144992
 21.15989333333333
 21.13009066666666
 21.11518933333333
 21.100288
 21.08538666666667
 21.055584
 21.02578133333333
 20.99597866666667
 20.966176
 20.95127466666667
 20.966176
 21.02578133333333
 21.11518933333334
 21.24930133333333
 21.368512
 21.44301866666667
 21.45792
 21.45792
 21.45792
 21.47282133333333
 21.502624
 21.53242666666667
 21.53242666666667
 21.592032
 21.69634133333333
 21.84535466666667
 21.91986133333333
 21.949664
 21.949664
 21.949664
 21.93476266666667
 21.90496
 21.770848
 21.57713066666667
 21.368512
 21.21949866666667
 21.07048533333333
 20.876768
 20.697952
 20.56384
 20.474432
 20.385024
 20.295616
 20.206208
 20.10189866666667
 19.99758933333333
 19.87837866666667
 19.69956266666667
 19.44624
 19.11841066666667
 18.61176533333333
 17.98590933333334
 17.31534933333333
 16.674592
 16.09344
 15.57189333333333
 15.19936
 14.87153066666667
 14.5288
 14.126464
 13.69432533333333
 13.26218666666667
 12.93435733333333
 12.785344
 12.88965333333333
 13.33669333333333
 14.05195733333333
 14.96093866666667
 15.86992
 16.719296
 17.40475733333333
 17.94120533333333
 18.34354133333333
 18.67137066666666
 18.92469333333333
 19.14821333333333
 19.356832
 19.580352
 19.78897066666667
 19.96778666666667
 20.10189866666667
 20.206208
 20.28071466666666
 20.37012266666666
 20.45953066666667
 20.54893866666666
 20.653248
 20.77245866666667
 20.921472
 21.100288
 21.323808
 21.60693333333333
 21.90496
 22.20298666666666
 22.50101333333333
 22.79904
 23.111968
 23.424896
 23.737824
 24.050752
 24.36368
 24.66170666666666
 24.944832
 25.19815466666667
 25.37697066666667
 25.48128
 25.54088533333334
 25.63029333333334
 25.73460266666666
 25.838912
 25.91341866666666
 26.00282666666666
 26.107136
 26.21144533333333
 26.285952
 26.330656
 26.36045866666667
 26.36045866666667
 26.330656
 26.27105066666667
 26.196544
 26.107136
 26.03262933333333
 25.973024
 25.92832
 25.85381333333333
 25.76440533333333
 25.660096
 25.58558933333333
 25.525984
 25.49618133333333
 25.46637866666667
 25.45147733333333
 25.436576
 25.45147733333333
 25.46637866666667
 25.48128
 25.48128
 25.48128
 25.48128
 25.48128
 25.48128
 25.48128
 25.46637866666667
 25.436576
 25.36206933333333
 25.25776
 25.13854933333333
 25.06404266666667
 25.03424
 25.04914133333333
 25.10874666666666
 25.213056
 25.33226666666667
 25.436576
 25.525984
 25.60049066666667
 25.64519466666667
 25.63029333333333
 25.570688
 25.49618133333334
 25.40677333333333
 25.302464
 25.18325333333333
 25.15345066666667
 25.213056
 25.36206933333333
 25.525984
 25.68989866666666
 25.82401066666667
 25.89851733333333
 25.92832
 25.92832
 25.92832
 25.92832
 25.91341866666667
 25.883616
 25.838912
 25.80910933333334
 25.80910933333334
 25.838912
 25.883616
 25.92832
 26.00282666666666
 26.13693866666667
 26.285952
 26.43496533333333
 26.56907733333333
 26.688288
 26.76279466666667
 26.76279466666666
 26.71809066666667
 26.643584
 26.554176
 26.47966933333333
 26.420064
 26.37536
 26.31575466666667
 26.25614933333334
 26.196544
 26.15184
 26.12203733333333
 26.09223466666667
 26.062432
 26.017728
 25.973024
 25.92832
 25.89851733333333
 25.883616
 25.883616
 25.883616
 25.89851733333333
 25.92832
 25.95812266666666
 25.98792533333333
 26.00282666666667
 26.017728
 26.00282666666667
 25.973024
 25.94322133333333
 25.92832
 25.92832
 25.92832
 25.92832
 25.91341866666667
 25.89851733333333
 25.89851733333333
 25.92832
 25.95812266666666
 25.98792533333333
 26.017728
 26.04753066666666
 26.062432
 26.04753066666666
 26.017728
 25.973024
 25.91341866666666
 25.82401066666666
 25.68989866666666
 25.570688
 25.436576
 25.28756266666666
 25.13854933333333
 25.01933866666667
 24.92993066666667
 24.81072
 24.70641066666667
 24.631904
 24.5872
 24.55739733333333
 24.542496
 24.542496
 24.542496
 24.542496
 24.55739733333333
 24.57229866666666
 24.5872
 24.5872
 24.5872
 24.5872
 24.60210133333333
 24.61700266666667
 24.61700266666666
 24.5872
 24.55739733333333
 24.52759466666667
 24.497792
 24.453088
 24.39348266666667
 24.33387733333333
 24.28917333333333
 24.25937066666667
 24.229568
 24.19976533333334
 24.184864
 24.16996266666667
 24.15506133333333
 24.14016
 24.14016
 24.14016
 24.14016
 24.14016
 24.14016
 24.15506133333333
 24.184864
 24.25937066666667
 24.36368
 24.46798933333333
 24.542496
 24.5872
 24.631904
 24.66170666666666
 24.69150933333333
 24.721312
 24.766016
